                                                      url    length_url  \
count                                               11430  11430.000000   
unique                                              11429           NaN   
top     http://e710z0ear.du.r.appspot.com/c:/users/use...           NaN   
freq                                                    2           NaN   
mean                                                  NaN     61.126684   
std                                                   NaN     55.297318   
min                                                   NaN     12.000000   
25%                                                   NaN     33.000000   
50%                                                   NaN     47.000000   
75%                                                   NaN     71.000000   
max                                                   NaN   1641.000000   

        length_hostname            ip       nb_dots    nb_hyphens  \
count      11430.000000  11430.000000  11430.000000  11430.000000   
unique              NaN           NaN           NaN           NaN   
top                 NaN           NaN           NaN           NaN   
freq                NaN           NaN           NaN           NaN   
mean          21.090289      0.150569      2.480752      0.997550   
std           10.777171      0.357644      1.369686      2.087087   
min            4.000000      0.000000      1.000000      0.000000   
25%           15.000000      0.000000      2.000000      0.000000   
50%           19.000000      0.000000      2.000000      0.000000   
75%           24.000000      0.000000      3.000000      1.000000   
max          214.000000      1.000000     24.000000     43.000000   

               nb_at         nb_qm        nb_and    nb_or         nb_eq  \
count   11430.000000  11430.000000  11430.000000  11430.0  11430.000000   
unique           NaN           NaN           NaN      NaN           NaN   
top              NaN           NaN           NaN      NaN           NaN   
freq             NaN           NaN           NaN      NaN           NaN   
mean        0.022222      0.141207      0.162292      0.0      0.293176   
std         0.155500      0.364456      0.821337      0.0      0.998317   
min         0.000000      0.000000      0.000000      0.0      0.000000   
25%         0.000000      0.000000      0.000000      0.0      0.000000   
50%         0.000000      0.000000      0.000000      0.0      0.000000   
75%         0.000000      0.000000      0.000000      0.0      0.000000   
max         4.000000      3.000000     19.000000      0.0     19.000000   

        nb_underscore      nb_tilde    nb_percent      nb_slash       nb_star  \
count    11430.000000  11430.000000  11430.000000  11430.000000  11430.000000   
unique            NaN           NaN           NaN           NaN           NaN   
top               NaN           NaN           NaN           NaN           NaN   
freq              NaN           NaN           NaN           NaN           NaN   
mean         0.322660      0.006649      0.123097      4.289589      0.000700   
std          1.093336      0.081274      1.466450      1.882251      0.026448   
min          0.000000      0.000000      0.000000      2.000000      0.000000   
25%          0.000000      0.000000      0.000000      3.000000      0.000000   
50%          0.000000      0.000000      0.000000      4.000000      0.000000   
75%          0.000000      0.000000      0.000000      5.000000      0.000000   
max         18.000000      1.000000     96.000000     33.000000      1.000000   

            nb_colon      nb_comma  nb_semicolumn     nb_dollar  ...  \
count   11430.000000  11430.000000   11430.000000  11430.000000  ...   
unique           NaN           NaN            NaN           NaN  ...   
top              NaN           NaN            NaN           NaN  ...   
freq             NaN           NaN            NaN           NaN  ...   
mean        1.027909      0.004024       0.062292      0.001925  ...   
std         0.240325      0.103240       0.598190      0.077111  ...   
min         1.000000      0.000000       0.000000      0.000000  ...   
25%         1.000000      0.000000       0.000000      0.000000  ...   
50%         1.000000      0.000000       0.000000      0.000000  ...   
75%         1.000000      0.000000       0.000000      0.000000  ...   
max         7.000000      4.000000      20.000000      6.000000  ...   

        submit_email  ratio_intMedia  ratio_extMedia      sfh        iframe  \
count        11430.0    11430.000000    11430.000000  11430.0  11430.000000   
unique           NaN             NaN             NaN      NaN           NaN   
top              NaN             NaN             NaN      NaN           NaN   
freq             NaN             NaN             NaN      NaN           NaN   
mean             0.0       42.870444       23.236293      0.0      0.001312   
std              0.0       46.249897       38.386577      0.0      0.036204   
min              0.0        0.000000        0.000000      0.0      0.000000   
25%              0.0        0.000000        0.000000      0.0      0.000000   
50%              0.0       11.111111        0.000000      0.0      0.000000   
75%              0.0      100.000000       33.333333      0.0      0.000000   
max              0.0      100.000000      100.000000      0.0      1.000000   

        popup_window   safe_anchor   onmouseover   right_clic   empty_title  \
count   11430.000000  11430.000000  11430.000000  11430.00000  11430.000000   
unique           NaN           NaN           NaN          NaN           NaN   
top              NaN           NaN           NaN          NaN           NaN   
freq             NaN           NaN           NaN          NaN           NaN   
mean        0.006037     37.063922      0.001137      0.00140      0.124759   
std         0.077465     39.073385      0.033707      0.03739      0.330460   
min         0.000000      0.000000      0.000000      0.00000      0.000000   
25%         0.000000      0.000000      0.000000      0.00000      0.000000   
50%         0.000000     23.294574      0.000000      0.00000      0.000000   
75%         0.000000     75.000000      0.000000      0.00000      0.000000   
max         1.000000    100.000000      1.000000      1.00000      1.000000   

        domain_in_title  domain_with_copyright  whois_registered_domain  \
count      11430.000000           11430.000000             11430.000000   
unique              NaN                    NaN                      NaN   
top                 NaN                    NaN                      NaN   
freq                NaN                    NaN                      NaN   
mean           0.775853               0.439545                 0.072878   
std            0.417038               0.496353                 0.259948   
min            0.000000               0.000000                 0.000000   
25%            1.000000               0.000000                 0.000000   
50%            1.000000               0.000000                 0.000000   
75%            1.000000               1.000000                 0.000000   
max            1.000000               1.000000                 1.000000   

        domain_registration_length    domain_age   web_traffic    dns_record  \
count                 11430.000000  11430.000000  1.143000e+04  11430.000000   
unique                         NaN           NaN           NaN           NaN   
top                            NaN           NaN           NaN           NaN   
freq                           NaN           NaN           NaN           NaN   
mean                    492.532196   4062.876728  8.567566e+05      0.020122   
std                     814.769415   3107.349233  1.995606e+06      0.140425   
min                      -1.000000      0.000000  0.000000e+00      0.000000   
25%                      84.000000    972.250000  0.000000e+00      0.000000   
50%                     242.000000   3993.000000  1.651000e+03      0.000000   
75%                     449.000000   7026.750000  3.738455e+05      0.000000   
max                   29829.000000  12874.000000  1.076799e+07      1.000000   

        google_index     page_rank      status  
count   11430.000000  11430.000000       11430  
unique           NaN           NaN           2  
top              NaN           NaN  legitimate  
freq             NaN           NaN        5715  
mean        0.533946      3.185739         NaN  
std         0.498868      2.536955         NaN  
min         0.000000      0.000000         NaN  
25%         0.000000      1.000000         NaN  
50%         1.000000      3.000000         NaN  
75%         1.000000      5.000000         NaN  
max         1.000000     10.000000         NaN  

[11 rows x 89 columns]
